0,1,2,3,4,5,6
1.0,50.0,0.9458725790404984,0.6719647196418796,0.7852240914192549,0.0006370121261857894,333.0
2.0,25.0,0.9187378665499418,0.6719647196418796,0.775861046623787,0.000655759029599065,342.8
5.0,10.0,0.33219413772642586,0.6737145479459823,0.44248610551928796,0.001854413078451965,969.4
10.0,5.0,0.020480381296375486,0.7399293453634215,0.03972999354480018,0.03577176984158866,18699.8
25.0,2.0,0.0015910184447420657,0.9806652685445207,0.003176826343306005,0.5570091419848379,291178.2
50.0,1.0,0.0009420329823541504,1.0,0.0018822871998175699,0.9508406455821392,497054.8
1.0,100.0,0.9458725790404984,0.6719647196418796,0.7852240914192549,0.0006370121261857894,333.0
2.0,50.0,0.9441278892370338,0.6719647196418796,0.7846278384080914,0.0006381598957825205,333.6
5.0,20.0,0.7954584983455291,0.6719647196418796,0.7271159326121653,0.000762501602095062,398.6
10.0,10.0,0.21407884138837127,0.6796753628152924,0.32247711092308606,0.003003330444779848,1570.0
25.0,4.0,0.006400999478852316,0.8435745986937807,0.012704430902763325,0.11953331688196911,62486.4
100.0,1.0,0.0009320752211047792,1.0,0.0018624092908936176,0.9609479046509538,502338.4
2.0,100.0,0.9458725790404984,0.6719647196418796,0.7852240914192549,0.0006370121261857894,333.0
4.0,50.0,0.9452513538463656,0.6719647196418796,0.7850156947709677,0.0006373947160513664,333.2
5.0,40.0,0.9406730541542456,0.6719647196418796,0.7833721485783396,0.00064083802484156,335.0
50.0,4.0,0.004317576763432683,0.8895931530790939,0.00859245375439571,0.18860494344365314,98593.8
100.0,2.0,0.0011380309070352168,0.9956904017661795,0.0022734580306565952,0.783869628677406,409770.2
200.0,1.0,0.0009315078309544793,1.0,0.00186127658905368,0.9615443622513883,502650.2
